% Fs = 20000;                        % 采样频率
% N = 20000;                         % 采样点
% n = 0 : N-1;
% t = n / Fs;                        % 时间序列
% dt = t(2) - t(1)
% fc = 500;                          % 载波信号频率 
% f = n * Fs / N;                    % 频率序列
% Uc = 1 * sin(2 * fc * pi * t);     % 载波信号1
% Wc = 2 * sin(fc * pi * t)          % 载波信号2
%%%%%%%%%%%%%%%%%%%%%%%%%%%%%%%%%%%%
ActVehAccel = [6052.58228134400,-0.310000000000000;6052.67741373500,-0.290000000000000;6052.77740561000,-0.310000000000000;6052.87739054700,-0.320000000000000;6052.97739395400,-0.340000000000000;6053.07727101600,-0.350000000000000;6053.17726131300,-0.350000000000000;6053.27746425000,-0.340000000000000;6053.37748473500,-0.320000000000000;6053.47744740700,-0.350000000000000;6053.57753248500,-0.350000000000000;6053.68259334400,-0.370000000000000;6053.77750332900,-0.350000000000000;6053.87794014100,-0.350000000000000;6053.97746261000,-0.340000000000000;6054.07751190700,-0.320000000000000;6054.17748940700,-0.320000000000000;6054.27756248500,-0.340000000000000;6054.37756742200,-0.340000000000000;6054.47752181300,-0.340000000000000;6054.57751123500,-0.340000000000000;6054.67750503200,-0.340000000000000;6054.78265642200,-0.320000000000000;6054.87761118800,-0.320000000000000;6054.97763826600,-0.350000000000000;6055.07756961000,-0.390000000000000;6055.17759701600,-0.390000000000000;6055.27751943800,-0.350000000000000;6055.37756443800,-0.310000000000000;6055.47756968800,-0.260000000000000;6055.57773842200,-0.210000000000000;6055.67779126600,-0.180000000000000;6055.77778696900,-0.150000000000000;6055.88270418800,-0.120000000000000;6055.97780439100,-0.100000000000000;6056.07781914100,-0.120000000000000;6056.17775054700,-0.150000000000000;6056.27775462500,-0.180000000000000;6056.37779239100,-0.180000000000000;6056.47778611000,-0.200000000000000;6056.57773986000,-0.180000000000000;6056.67775965700,-0.170000000000000;6056.77778400000,-0.170000000000000;6056.87754112500,-0.150000000000000;6056.98253907900,-0.150000000000000;6057.07755604700,-0.150000000000000;6057.17776709400,-0.150000000000000;6057.27781257900,-0.170000000000000;6057.37777204700,-0.210000000000000;6057.47754400000,-0.260000000000000;6057.57753201600,-0.260000000000000;6057.67756112500,-0.260000000000000;6057.77729496900,-0.260000000000000;6057.87756607900,-0.260000000000000;6057.97754014100,-0.260000000000000;6058.08254551600,-0.280000000000000;6058.17761206300,-0.320000000000000;6058.27761565700,-0.350000000000000;6058.37760711000,-0.350000000000000;6058.47761643800,-0.340000000000000;6058.57759125000,-0.320000000000000;6058.67714790700,-0.310000000000000;6058.77733856300,-0.290000000000000;6058.87730464100,-0.310000000000000;6058.97709273500,-0.350000000000000;6059.07731442200,-0.350000000000000;6059.18262862500,-0.350000000000000;6059.27708934400,-0.320000000000000;6059.37728798500,-0.320000000000000;6059.47732051600,-0.290000000000000;6059.57706318800,-0.310000000000000;6059.67733889100,-0.340000000000000;6059.77732228200,-0.340000000000000;6059.87710821900,-0.340000000000000;6059.97739582900,-0.340000000000000;6060.07737296900,-0.340000000000000;6060.17739907900,-0.320000000000000;6060.28266582900,-0.340000000000000;6060.37727161000,-0.370000000000000;6060.47702264100,-0.370000000000000;6060.57725932900,-0.350000000000000;6060.67728611000,-0.340000000000000;6060.77703386000,-0.320000000000000;6060.87705161000,-0.340000000000000;6060.97702529700,-0.370000000000000;6061.07706693800,-0.400000000000000;6061.17705921900,-0.400000000000000;6061.27729731300,-0.400000000000000;6061.38268051600,-0.400000000000000;6061.47736325000,-0.420000000000000;6061.57714632900,-0.460000000000000;6061.67712979700,-0.460000000000000;6061.77733373500,-0.450000000000000;6061.87703332900,-0.430000000000000;6061.97707665700,-0.400000000000000;6062.07704306300,-0.390000000000000;6062.17701714100,-0.390000000000000;6062.27700803200,-0.390000000000000;6062.37699528200,-0.390000000000000;6062.48274214100,-0.370000000000000;6062.57700789100,-0.340000000000000;6062.67702032900,-0.340000000000000;6062.77724940700,-0.320000000000000;6062.87704789100,-0.340000000000000;6062.97727282900,-0.370000000000000;6063.07709657900,-0.390000000000000;6063.17709650000,-0.350000000000000;6063.27730282900,-0.350000000000000;6063.37708201600,-0.340000000000000;6063.47698811000,-0.350000000000000;6063.58275509400,-0.390000000000000;6063.67699807900,-0.430000000000000;6063.77695673500,-0.430000000000000;6063.87720742200,-0.430000000000000;6063.97694848500,-0.420000000000000;6064.07697959400,-0.400000000000000;6064.17700042200,-0.400000000000000;6064.27698531300,-0.390000000000000;6064.37700381300,-0.390000000000000;6064.47701865700,-0.370000000000000;6064.57701170400,-0.390000000000000;6064.68311607900,-0.430000000000000;6064.77705606300,-0.430000000000000;6064.87704773500,-0.430000000000000;6064.97703429700,-0.400000000000000;6065.07695606300,-0.370000000000000;6065.17677492200,-0.320000000000000;6065.27694042200,-0.290000000000000;6065.37692287500,-0.260000000000000;6065.47691914100,-0.280000000000000;6065.57692390700,-0.290000000000000;6065.67693129700,-0.260000000000000;6065.78201745400,-0.250000000000000;6065.87696214100,-0.210000000000000;6065.97693590700,-0.200000000000000;6066.07721179700,-0.170000000000000;6066.17699112500,-0.150000000000000;6066.27703090700,-0.120000000000000;6066.37700678200,-0.0700000000000000;6066.47702973500,-0.0400000000000000;6066.57701514100,-0.0300000000000000;6066.67692501600,-0.0300000000000000;6066.77689473500,-0.0300000000000000;6066.88203923500,-0.0400000000000000;6066.97691701600,-0.0700000000000000;6067.07690232900,-0.0900000000000000;6067.17713515700,-0.100000000000000;6067.27689820400,-0.150000000000000;6067.37707665700,-0.200000000000000;6067.47690456300,-0.210000000000000;6067.57688223500,-0.210000000000000;6067.67698267200,-0.210000000000000;6067.77692896900,-0.200000000000000;6067.87700382900,-0.170000000000000;6067.98246218800,-0.140000000000000;6068.07697636000,-0.120000000000000;6068.17695681300,-0.0900000000000000;6068.27687151600,-0.0700000000000000;6068.37684734400,-0.0600000000000000;6068.47728854700,-0.0600000000000000;6068.57680889100,-0.0400000000000000;6068.67696657900,-0.0300000000000000;6068.77701490700,-0.0300000000000000;6068.87685048500,-0.0100000000000000;6068.97712079700,-0.0100000000000000;6069.08268192200,-0.0300000000000000;6069.17658554700,-0.0300000000000000;6069.27715017200,-0.0400000000000000;6069.37718325000,-0.0400000000000000;6069.47695957900,-0.0300000000000000;6069.57765532900,-0.0300000000000000;6069.67674970400,-0.0100000000000000;6069.77697117200,-0.0300000000000000;6069.87724562500,-0.0300000000000000;6069.97720370400,-0.0400000000000000;6070.07701517200,-0.0600000000000000;6070.18173250000,-0.0700000000000000;6070.27723981300,-0.0700000000000000;6070.37701912500,-0.120000000000000;6070.47725595400,-0.120000000000000;6070.57724442200,-0.150000000000000;6070.67704979700,-0.200000000000000;6070.77729193800,-0.200000000000000;6070.87730198500,-0.180000000000000;6070.97713948500,-0.170000000000000;6071.07735079700,-0.170000000000000;6071.17708942200,-0.150000000000000;6071.28311675000,-0.150000000000000;6071.37762270400,-0.150000000000000;6071.47764745400,-0.150000000000000;6071.57719567200,-0.180000000000000;6071.67740712500,-0.180000000000000;6071.77770850000,-0.210000000000000;6071.87725223500,-0.210000000000000;6071.97798996900,-0.200000000000000;6072.07779204700,-0.170000000000000;6072.17727604700,-0.120000000000000;6072.27781726600,-0.100000000000000;6072.38314604700,-0.0700000000000000;6072.47738206300,-0.0400000000000000;6072.57788667200,0;6072.67785095400,0.0600000000000000;6072.77744800000,0.120000000000000;6072.87827314100,0.140000000000000;6072.97796856300,0.150000000000000;6073.07774279700,0.140000000000000;6073.17793270400,0.100000000000000;6073.27823857900,0.0900000000000000;6073.37781515700,0.0400000000000000;6073.48292953200,0.0400000000000000;6073.57829454700,